Значение коэффициентов уравнения  | Значение точности | Название
       a        |       b        |      c       |       d         |    h                           | метода: 
    0.006   |    -0.144 |    7.500 |   -60.000 |  1.000                         | Рунге-Кутта
№ шага |           Значение x                       |       Значение y
    1         |                 0.0000                       |             0.0000 
    2         |                 1.0000                       |           -56.3190 
    3         |                 2.0000                       |          -105.4020 
    4         |                 3.0000                       |          -147.4830 
    5         |                 4.0000                       |          -182.7600 
    6         |                 5.0000                       |          -211.3950 
    7         |                 6.0000                       |          -233.5140 
    8         |                 7.0000                       |          -249.2070 
    9         |                 8.0000                       |          -258.5280 
   10         |                 9.0000                       |          -261.4950 
   11         |                10.0000                       |          -258.0900 
   12         |                11.0000                       |          -248.2590 
   13         |                12.0000                       |          -231.9120 
   14         |                13.0000                       |          -208.9230 
   15         |                14.0000                       |          -179.1300 
   16         |                15.0000                       |          -142.3350 
   17         |                16.0000                       |           -98.3040 
   18         |                17.0000                       |           -46.7670 
   19         |                18.0000                       |            12.5820 
   20         |                19.0000                       |            80.0850 
   21         |                20.0000                       |           156.1200 
   22         |                21.0000                       |           241.1010 
   23         |                22.0000                       |           335.4780 
   24         |                23.0000                       |           439.7370 
   25         |                24.0000                       |           554.4000 
   26         |                25.0000                       |           680.0250 
   27         |                26.0000                       |           817.2060 
   28         |                27.0000                       |           966.5730 
   29         |                28.0000                       |          1128.7920 
   30         |                29.0000                       |          1304.5650 
